protein,anchor_pos,n_controls,anchor_sse
1BRTA,26,5,E
1BRTA,93,5,E
1BRTA,220,5,E
1PVGA,101,5,E
1PVGA,103,5,E
1PVGA,149,5,H
2B61A,62,5,E
2B61A,100,5,E
2B61A,315,5,E
2DPMA,39,4,E
2DPMA,57,5,E
2DPMA,190,5,E
2QY6A,64,5,E
2QY6A,98,5,E
2QY6A,176,5,E
2YHWA,92,5,E
2YHWA,165,5,C
2YHWA,287,5,E
3CSSA,40,5,E
3CSSA,158,5,E
3CSSA,216,5,E
3HO7A,14,5,E
3HO7A,63,5,E
3HO7A,158,5,E
3OKPA,275,5,E
3OKPA,298,5,H
3OKPA,305,5,E
3QDLA,35,5,H
3QDLA,146,5,H
3QDLA,147,5,H
3WJPA,94,5,E
3WJPA,166,5,E
3WJPA,276,5,E
4EHUA,5,5,E
4EHUA,100,5,C
4EHUA,209,5,E
4EX6A,22,5,E
4EX6A,124,5,E
4EX6A,181,5,E
4EZIA,77,5,E
4EZIA,170,5,H
4EZIA,310,5,E
4ME3A,127,5,E
4ME3A,168,5,C
4ME3A,230,5,C
4N9WA,269,5,E
4N9WA,286,5,H
4N9WA,293,5,E
4OY3A,6,5,E
4OY3A,73,5,E
4OY3A,193,4,E
